0.950859 0.171553
0.949844 0.166724
0.948438 0.167595
0.948750 0.171898
0.950703 0.167388
0.948984 0.184186
0.952344 0.171076
0.949063 0.171285
0.950938 0.166629
0.949844 0.175139
0.950156 0.167347
0.950000 0.168491
0.946719 0.172687
0.947891 0.187789
0.949609 0.167485
0.949141 0.173411
0.944453 0.192261
0.951406 0.173627
0.949609 0.166296
0.948125 0.176544
0.946406 0.176584
0.951250 0.165933
0.947969 0.187801
0.949922 0.169816
0.945938 0.183015
0.950156 0.171141
0.948828 0.172264
0.949531 0.173176
0.950000 0.168471
0.949922 0.184077
0.949141 0.184045
0.949922 0.170845
0.950859 0.169579
0.949063 0.168376
0.949844 0.169690
0.949844 0.167418
0.950078 0.168866
0.948516 0.176186
0.949766 0.168660
0.943438 0.213485
0.946328 0.181557
0.949219 0.185576
0.947812 0.173700
0.949609 0.176283
0.950469 0.166946
0.950234 0.164993
0.948906 0.173919
0.950938 0.166308
0.950000 0.186888
0.946641 0.185375
0.950078 0.167406
0.950469 0.168702
0.943359 0.199127
0.949687 0.168347
0.949766 0.167754
0.949922 0.170653
0.949844 0.169246
0.950234 0.168874
0.949453 0.174230
0.950000 0.167445
0.949063 0.171503
0.949141 0.182631
0.950547 0.166419
0.944766 0.213856
0.949219 0.167512
0.947969 0.178444
0.949063 0.172301
0.951328 0.167210
0.935234 0.258998
0.949141 0.179143