0.941016 0.192055
0.942109 0.191702
0.940078 0.197090
0.939375 0.201606
0.938438 0.206929
0.936172 0.211098
0.934609 0.217593
0.933516 0.222932
0.931172 0.232155
0.927734 0.248028
0.926953 0.255850
0.923125 0.265127
0.920469 0.284401
0.917891 0.293961
0.911172 0.320298
0.909141 0.325378
0.906875 0.354131
0.899141 0.382717
0.886641 0.439810
0.876719 0.482852
0.863437 0.534043
0.840000 0.608596
0.830547 0.662393
0.810938 0.755031
0.827500 0.718575
0.810156 0.784130
0.790391 0.864411
0.754297 0.943852
0.730859 1.034334
0.713594 1.087893
0.704766 1.097801
0.678047 1.207718
0.636875 1.309237
0.592734 1.429098
0.525391 1.552094
0.489531 1.653815
0.491172 1.657466
0.435391 1.796454
0.453125 1.747900
0.423594 1.788887
0.437500 1.791791
0.413125 1.858166
0.383281 1.997037
0.350859 2.095813
0.292266 2.190824
0.264453 2.315864
0.252344 2.373815
0.262812 2.271963
0.280781 2.195600
0.290312 2.189297
0.272812 2.527352
0.258359 2.391005
0.242500 2.688640
0.199453 2.555202
0.215391 2.690758
0.249141 2.520829
0.211016 3.077694
0.180000 3.229116
0.165547 3.373505
0.156719 3.315953
