0.944844 0.182728
0.941797 0.197244
0.943125 0.189268
0.945547 0.182270
0.933125 0.236214
0.925000 0.269891
0.941094 0.216270
0.942500 0.188482
0.946484 0.180550
0.940781 0.205078
0.942187 0.201751
0.946016 0.180479
0.945469 0.180418
0.930625 0.251847
0.946016 0.184947
0.939375 0.209785
0.945469 0.191877
0.947422 0.179402
0.946016 0.180759
0.943516 0.196229
0.944766 0.185039
0.942500 0.196061
0.945312 0.185187
0.945078 0.183435
0.947109 0.181281
0.944297 0.187234
0.942266 0.191622
0.945234 0.181037
0.946250 0.179961
0.943750 0.195908
0.944141 0.198442
0.945938 0.184419
0.939922 0.212087
0.945781 0.185091
0.946563 0.185878
0.944219 0.203357
0.943594 0.188454
0.942578 0.201259
0.945625 0.182062
0.936094 0.244921
0.944766 0.184078
0.943203 0.192102
0.942734 0.187849
0.946406 0.178807
0.944609 0.184043
0.945078 0.183131
0.946172 0.183998
0.946797 0.181891
0.942813 0.196939
0.933359 0.260072