0.947656 0.186257
0.943203 0.192405
0.944609 0.190945
0.946406 0.185366
0.935859 0.225278
0.927969 0.258263
0.939141 0.218711
0.945547 0.186123
0.947891 0.183705
0.940859 0.205088
0.942266 0.196807
0.946484 0.183274
0.946406 0.184026
0.932109 0.244907
0.945156 0.186680
0.941328 0.208695
0.942187 0.195126
0.947734 0.183753
0.947656 0.181356
0.946328 0.190878
0.946250 0.185978
0.944375 0.194329
0.945703 0.185254
0.945547 0.185222
0.946563 0.180237
0.943984 0.189429
0.943516 0.194406
0.947500 0.185170
0.946719 0.185397
0.945000 0.196408
0.942969 0.199801
0.947187 0.186655
0.942422 0.200090
0.947187 0.186063
0.944844 0.188366
0.943672 0.199747
0.945781 0.187438
0.943125 0.197111
0.945234 0.184548
0.938359 0.230632
0.946250 0.183603
0.943594 0.193785
0.943594 0.190800
0.948594 0.179830
0.946172 0.183120
0.946250 0.184451
0.946797 0.184245
0.946016 0.185083
0.943984 0.197889
0.933281 0.241897