0.951797 0.170385
0.953438 0.167080
0.951953 0.170692
0.954219 0.174296
0.952187 0.170349
0.949687 0.177296
0.952734 0.166315
0.950156 0.177375
0.952266 0.166527
0.952734 0.166157
0.952734 0.174922
0.953594 0.165806
0.952031 0.168667
0.952344 0.167885
0.950781 0.174478
0.953125 0.166112
0.952578 0.170752
0.952656 0.167397
0.951719 0.167597
0.953906 0.166457
0.952969 0.168167
0.950703 0.170701
0.952578 0.176937
0.952578 0.168177
0.952734 0.169653
0.950391 0.174189
0.948594 0.183552
0.952656 0.166008
0.952422 0.166567
0.952891 0.165698
0.953359 0.168592
0.953438 0.166203
0.954219 0.165728
0.951797 0.172305
0.953359 0.167496
0.952031 0.167146
0.951797 0.169773
0.953438 0.166021
0.952656 0.170666
0.952109 0.171350
0.950000 0.187790
0.953203 0.167436
0.952109 0.179347
0.953125 0.166509
0.952500 0.166140
0.953906 0.166779
0.953359 0.166301
0.953438 0.171369
0.951953 0.167884
0.952031 0.171753
0.952578 0.166215
0.952578 0.166215
0.951563 0.168980
0.953516 0.164757
0.952266 0.169824
0.952109 0.168433
0.953047 0.165275
0.951719 0.165476
0.952891 0.165447
0.952969 0.165056
0.953594 0.166408
0.953203 0.169038
0.952187 0.175165
0.951250 0.169026
0.952109 0.167982
0.950625 0.187520
0.950938 0.169951
0.953203 0.165673
0.948125 0.179705
0.953047 0.164966
0.950234 0.172528
0.953750 0.165468
0.952734 0.165743
0.951641 0.167019
0.952344 0.170434
0.951875 0.174171
0.951484 0.169493
0.952266 0.167949
0.953203 0.166541
0.951719 0.167410
0.953438 0.166304
0.953516 0.165476
0.952500 0.166757
0.952891 0.165998
0.953984 0.171771
0.952734 0.166352
0.944219 0.232957
0.952344 0.170601
0.952500 0.167956
0.952656 0.166703
0.950781 0.175163
0.952891 0.167538
0.952500 0.167099
0.952266 0.172941
0.952500 0.165657
0.952031 0.173136
0.951641 0.169226
0.951563 0.171656
0.951953 0.170593
0.952969 0.166685