0.953281 0.173366
0.943672 0.229630
0.939922 0.253901
0.929297 0.304214
0.929922 0.287353
0.925234 0.312252
0.918359 0.376530
0.910547 0.403832
0.905312 0.428970
0.896406 0.510644
0.887500 0.536667
0.884375 0.559254
0.880547 0.587552
0.876094 0.610451
0.872266 0.626459
0.866797 0.680094
0.864688 0.732575
0.853359 0.864858
0.845859 0.954699
0.834219 1.003021
0.835391 0.969428
0.828203 0.978609
0.834844 0.895510
0.829375 0.922749
0.820234 0.975589
0.815078 0.984319
0.805078 1.070863
0.802266 1.082936
0.801328 1.089290
0.804141 1.050973
0.792422 1.141447
0.799844 1.101703
0.794922 1.102383
0.787344 1.069000
0.785703 1.067800
0.772031 1.078248
0.759453 1.215968
0.747578 1.253627
0.734609 1.309645
0.732422 1.348374
0.720703 1.423362
0.715625 1.434836
0.711484 1.422285
0.676484 1.561434
0.649375 1.828700
0.626250 2.060078
0.566953 2.459809
0.567578 2.420843
0.570156 2.422749
0.550703 2.523687
0.549609 2.513676
0.546172 2.418438
0.554375 2.428759
0.521875 2.695169
0.519844 2.623536
0.517812 2.637975
0.491250 2.758512
0.431563 3.253955
0.384297 3.576606
0.386641 3.589854
0.387500 3.451023
0.372187 3.500356
0.363125 3.602404
0.356562 3.538884
0.312187 4.116310
0.318203 4.009799
0.317734 3.710227
0.321719 3.611214
0.323672 3.514639
0.319375 3.420594
0.315937 3.401534
0.317891 3.410504
0.304297 3.419243
0.337969 3.118174
0.340781 2.959258
0.320703 3.019731
0.305547 3.082042
0.276641 3.314826
0.271719 3.572705
0.271172 3.514150
0.269609 3.581170
0.283437 3.186038
0.237109 4.292454
0.236406 3.622441
0.229766 3.797207
0.222578 3.727359
0.220781 3.632959
0.185859 3.719502
0.171250 3.744576
0.172891 3.587559
0.150859 3.667406
0.150391 3.238824
0.136719 3.111825
0.123672 3.047349
0.116953 3.023897
0.102891 3.084225
0.077422 3.089509
0.054922 3.237107
0.039141 3.134455
0.037500 2.924391
