0.954063 0.163322
0.945859 0.211099
0.934844 0.245924
0.927344 0.315659
0.905859 0.485503
0.895078 0.608091
0.887500 0.630429
0.852266 1.068242
0.851797 1.008029
0.834531 1.127410
0.803594 1.553328
0.793359 1.644645
0.787031 1.603086
0.758750 1.927061
0.730547 2.158020
0.701250 2.635822
0.672031 3.098697
0.662734 3.442139
0.680703 3.226643
0.681016 3.267789
0.661094 3.628064
0.649375 3.594564
0.617188 3.848495
0.583047 4.166975
0.598750 3.850848
0.535547 4.663146
0.506875 4.939118
0.473672 5.297067
0.455000 5.372880
0.417109 6.005809
0.426562 5.868574
0.406953 6.140927
0.407656 6.100891
0.405859 5.961417
0.397422 5.944864
0.386953 5.819574
0.372656 6.165760
0.390547 5.728474
0.408984 5.209017
0.404141 5.427076
0.398516 5.570136
0.393438 5.122711
0.390391 5.038521
0.373516 5.069655
0.366641 5.025644
0.352656 5.006495
0.320859 5.900988
0.311406 5.953711
0.293125 6.191940
0.277422 6.542526
0.250469 7.419700
0.269219 6.456528
0.261875 6.289007
0.264141 6.089353
0.261562 6.124364
0.264922 5.906372
0.263438 5.885168
0.267891 5.568406
0.266250 5.452440
0.314453 4.182582
0.295938 4.361916
0.293281 4.147210
0.279375 4.140275
0.263594 4.230280
0.261250 4.423916
0.257734 4.076469
0.258125 4.063963
0.249141 4.250246
0.259531 4.104625
0.251094 4.077640
0.256250 3.553070
0.252344 3.237195
0.263438 3.159246
0.218750 3.328255
0.182891 3.146886
0.152187 3.137139
0.104687 3.485838
0.055937 3.448714
0.044141 2.979105
0.037500 2.961133
