0.951563 0.166105
0.950938 0.165996
0.952656 0.165761
0.953594 0.165833
0.949687 0.176226
0.948125 0.186173
0.952656 0.166029
0.952109 0.170071
0.951953 0.166013
0.950312 0.185746
0.948438 0.173478
0.950000 0.170562
0.946484 0.197620
0.950156 0.177727
0.950703 0.172236
0.951641 0.167040
0.950938 0.172389
0.950625 0.171605
0.951875 0.165976
0.952656 0.166361
0.950625 0.170816
0.949844 0.176371
0.951016 0.176665
0.951563 0.165682
0.948906 0.174126
0.953047 0.163981
0.952344 0.163629
0.951953 0.167625
0.954219 0.164346
0.952812 0.164837
0.952812 0.167896
0.952891 0.166921
0.950547 0.173512
0.952187 0.165100
0.952734 0.164208
0.951719 0.164437
0.953594 0.163397
0.951172 0.169493
0.953672 0.164636
0.950703 0.178812
0.953047 0.170228
0.953281 0.163867
0.951250 0.166524
0.953281 0.164955
0.952812 0.164806
0.953750 0.163439
0.951328 0.171795
0.952109 0.164335
0.953047 0.166723
0.952109 0.166501
0.951406 0.174856
0.953828 0.167748
0.946328 0.193302
0.953516 0.165421
0.952656 0.164883
0.952891 0.166657
0.951719 0.165889
0.953438 0.163549
0.952812 0.168774
0.954297 0.165755
0.947500 0.203071
0.951797 0.168130
0.952578 0.167145
0.954141 0.167604
0.952812 0.162583
0.949609 0.185424
0.952344 0.173881
0.951016 0.166769
0.945859 0.211099
0.952031 0.169951
0.949063 0.186289
0.953516 0.163786
0.952812 0.164511
0.951250 0.166895
0.948594 0.189463
0.949609 0.181161
0.952969 0.163667
0.952812 0.163383
0.953125 0.164343
0.952969 0.164436