0.940234 0.194590
0.929531 0.236177
0.939297 0.204946
0.940469 0.195012
0.940234 0.196938
0.934766 0.211007
0.935156 0.217977
0.939219 0.198266
0.941562 0.193677
0.940156 0.195734
0.933984 0.210183
0.940469 0.196662
0.938594 0.197753
0.936562 0.214253
0.940391 0.196268
0.942031 0.192554
0.938438 0.200567
0.940703 0.192707
0.941484 0.193590
0.938906 0.196853
0.935781 0.205749
0.939531 0.198492
0.938359 0.200207
0.939609 0.198637
0.941016 0.194591
0.937500 0.209113
0.934531 0.223896
0.938984 0.197699
0.941328 0.194608
0.938828 0.210336
0.937891 0.210370
0.939687 0.197484
0.942031 0.194545
0.940469 0.190526
0.942109 0.191702
0.939766 0.195334
0.937500 0.202782
0.936641 0.214949
0.938828 0.200723
0.939922 0.196251
0.938828 0.198518
0.939141 0.203133
0.940625 0.194646
0.936562 0.220379
0.940625 0.193939
0.941172 0.193024
0.938359 0.200350
0.939453 0.196108
0.937500 0.214841
0.938984 0.201780
0.939922 0.193559
0.941484 0.191423
0.941016 0.197548
0.940625 0.194108
0.940234 0.196445
0.939531 0.199962
0.937656 0.206168
0.940078 0.197966
0.939687 0.200736
0.939687 0.195596