0.950625 0.167842
0.936094 0.235035
0.923125 0.294001
0.904297 0.410665
0.881328 0.529250
0.887187 0.481457
0.881953 0.497428
0.877500 0.531696
0.859531 0.726128
0.837031 0.963983
0.837656 0.961933
0.812656 1.241180
0.789219 1.491787
0.772344 1.690609
0.738359 2.207413
0.753594 1.816651
0.746328 1.902959
0.726719 2.138940
0.711250 2.243762
0.697109 2.176396
0.688125 2.345663
0.668906 2.489679
0.662266 2.507118
0.664844 2.471386
0.657812 2.418937
0.645938 2.367693
0.619453 2.848027
0.643672 2.572788
0.623047 2.717621
0.607031 2.873453
0.591250 3.112575
0.580938 3.322569
0.570000 3.418680
0.564531 3.463549
0.554922 3.510458
0.553437 3.556460
0.542344 3.686330
0.534297 3.752726
0.499766 4.339326
0.467578 4.631575
0.440703 4.746194
0.437813 4.749441
0.443437 4.735384
0.416406 5.107674
0.415469 4.976805
0.421094 5.104294
0.429531 4.899338
0.407109 5.185476
0.414062 5.143389
0.401250 5.404329
0.407969 5.104067
0.387344 5.649231
0.384688 5.141844
0.381016 5.281746
0.379141 5.241816
0.378203 5.245272
0.369844 5.705013
0.368750 5.589364
0.367266 5.536722
0.356016 5.562822
0.338672 5.613502
0.338437 5.316342
0.322031 5.498313
0.313359 5.419846
0.290781 5.455647
0.298047 5.554630
0.303203 5.337679
0.296719 5.257853
0.314922 4.734894
0.318047 4.593434
0.324766 4.252357
0.310781 4.320487
0.310859 4.175554
0.315156 4.134620
0.310000 4.225288
0.295781 4.712655
0.297734 4.669080
0.271875 4.288666
0.227656 4.019802
0.225391 3.996209
0.201641 3.723947
0.182812 3.814768
0.192813 3.455322
0.177578 3.314823
0.182891 3.450429
0.131406 3.192414
0.124297 3.023252
0.123672 2.859518
0.110000 2.696158
0.038359 2.843466
