0.949687 0.167841
0.949922 0.169106
0.951016 0.170530
0.948203 0.176064
0.947656 0.193402
0.947969 0.175029
0.949453 0.171305
0.949297 0.172432
0.952266 0.167452
0.949687 0.172556
0.949687 0.171268
0.950625 0.172589
0.949531 0.169232
0.949219 0.175333
0.950625 0.168707
0.949375 0.175189
0.947969 0.175426
0.950859 0.168777
0.946406 0.177220
0.950625 0.168166
0.947969 0.171320
0.950156 0.169403
0.949844 0.169332
0.948438 0.171346
0.949766 0.169428
0.947109 0.177692
0.949766 0.173623
0.947578 0.189011
0.950781 0.169074
0.949375 0.177294
0.949297 0.173695
0.949063 0.170168
0.949609 0.169607
0.949766 0.171556
0.950469 0.167625
0.948984 0.170404
0.950781 0.168747
0.947344 0.175104
0.949219 0.168178
0.950469 0.175816
0.945234 0.182987
0.949531 0.170620
0.948906 0.171586
0.950938 0.171095
0.950859 0.171500
0.950391 0.168588
0.949609 0.171614
0.949844 0.169216
0.949297 0.170315
0.947969 0.172636
0.950938 0.170449
0.949922 0.172636
0.949687 0.170868
0.949297 0.169555
0.950234 0.169791
0.949375 0.175101
0.948906 0.173552
0.948828 0.169114
0.951094 0.169209
0.949922 0.168226
0.949297 0.170704
0.950000 0.170261
0.949844 0.169109
0.950000 0.168775
0.948828 0.174576
0.949844 0.174044
0.947734 0.195337
0.951016 0.169205
0.936094 0.235035
0.949609 0.170519
0.949922 0.174692
0.948672 0.175678
0.950234 0.167857
0.949219 0.175307
0.951016 0.174898
0.946094 0.188835
0.949297 0.173186
0.949375 0.169120
0.950859 0.168744
0.951328 0.167682
0.950234 0.168290
0.949063 0.170666
0.949922 0.172064
0.949297 0.168859
0.949922 0.169503
0.949766 0.170937
0.948281 0.190973
0.951172 0.175046
0.949375 0.170432
0.949609 0.170802