0.943516 0.190384
0.943672 0.193042
0.942109 0.199698
0.940313 0.203107
0.935313 0.215310
0.935156 0.223277
0.931250 0.233963
0.930234 0.242479
0.927656 0.252851
0.924141 0.264168
0.920625 0.280187
0.911484 0.308911
0.908906 0.314178
0.902969 0.333020
0.895703 0.357327
0.890547 0.377358
0.878750 0.412642
0.867656 0.433505
0.842109 0.494508
0.827500 0.544226
0.821719 0.581710
0.792344 0.674109
0.793672 0.686798
0.784688 0.701141
0.760781 0.788772
0.736562 0.854451
0.740625 0.847258
0.680938 1.019729
0.642656 1.127404
0.627813 1.196283
0.618438 1.250230
0.545547 1.475417
0.508359 1.591566
0.467734 1.737261
0.422734 1.866639
0.422578 1.875668
0.368125 2.019654
0.342422 2.067011
0.313203 2.166721
0.357969 2.062117
0.292266 2.294700
0.309844 2.202019
0.276719 2.305076
0.279922 2.258023
0.222656 2.641838
0.243516 2.733866
0.230859 3.157690
0.182812 3.470418
0.180469 3.381351
0.185625 3.037858
