0.950625 0.167842
0.952266 0.167452
0.950703 0.167721
0.950312 0.174119
0.950469 0.175764
0.949766 0.178099
0.949141 0.182288
0.946719 0.189900
0.945703 0.193733
0.943047 0.203381
0.942656 0.207838
0.941328 0.213728
0.941719 0.212995
0.942578 0.213777
0.937969 0.221893
0.937500 0.223330
0.932422 0.241499
0.930703 0.244117
0.923594 0.271579
0.919531 0.279442
0.916641 0.286352
0.913672 0.295595
0.911094 0.299215
0.908672 0.308645
0.907109 0.314583
0.903906 0.324259
0.897734 0.345937
0.890312 0.377394
0.885469 0.391456
0.880078 0.404178
0.878203 0.407873
0.857422 0.481663
0.853672 0.490823
0.850234 0.499866
0.847656 0.505527
0.827578 0.565503
0.829687 0.554616
0.817187 0.591774
0.798437 0.644597
0.762266 0.762555
0.752187 0.817145
0.735859 0.897457
0.677031 1.211516
0.677031 1.183171
0.646484 1.324803
0.668047 1.203957
0.654609 1.272672
0.646563 1.304939
0.622969 1.409952
0.602891 1.560016
0.576641 1.720243
0.575000 1.655850
0.551172 1.798069
0.542422 2.061485
0.528047 2.191086
0.524219 2.313001
0.512031 2.497550
0.487891 2.522287
0.482500 2.464470
0.482578 2.445452
0.457578 2.659965
0.439687 2.722761
0.438984 2.580055
0.433828 2.555993
0.379219 3.353338
0.364062 3.806750
0.330156 3.794480
0.285547 4.143251
0.291328 4.113933
0.278437 4.159807
0.282578 4.109078
0.281406 4.172403
0.255156 4.907945
0.240234 4.890592
0.227344 4.928491
0.231562 4.870592
0.211328 6.094951
0.211797 6.425766
0.209375 6.106064
0.209766 5.350483
0.211172 5.382882
0.216562 4.315937
0.209844 6.576927
0.203672 9.275668
0.202109 9.557982
0.202422 9.214823
0.201172 7.669649
0.200156 5.524726
0.173750 5.153096
0.175781 4.696508
