0.954063 0.163322
0.954297 0.165755
0.952812 0.166871
0.953125 0.171538
0.952031 0.177889
0.951406 0.178076
0.951172 0.178394
0.949453 0.181889
0.946875 0.184087
0.948125 0.187809
0.946953 0.189435
0.945781 0.192400
0.945000 0.194280
0.943828 0.194669
0.942031 0.199879
0.940469 0.209438
0.938828 0.220272
0.935859 0.223845
0.934453 0.231030
0.931719 0.240916
0.928516 0.252235
0.928750 0.259921
0.921016 0.284156
0.916094 0.303992
0.907734 0.327856
0.898906 0.356166
0.890312 0.378968
0.885469 0.399787
0.876172 0.432067
0.861328 0.480177
0.853984 0.503591
0.847656 0.518297
0.838047 0.545005
0.818516 0.598828
0.798281 0.661256
0.811719 0.623774
0.792344 0.676776
0.776953 0.715536
0.746484 0.801902
0.706563 0.900446
0.674609 0.977461
0.670000 0.996982
0.662812 1.006708
0.663359 1.006289
0.633906 1.086314
0.648672 1.064506
0.620469 1.138788
0.603516 1.208584
0.575078 1.297110
0.553750 1.375822
0.520078 1.447757
0.515781 1.476545
0.541719 1.447907
0.515000 1.516155
0.471094 1.597805
0.436016 1.738564
0.407969 1.846273
0.370234 2.002748
0.334141 2.122239
0.304609 2.268925
0.257656 2.432589
0.265156 2.404279
0.288125 2.317101
0.256797 2.364809
0.273750 2.332262
0.333672 2.475559
0.320156 2.674867
0.300156 2.855617
0.247734 3.101854
0.245469 2.807536
0.259219 2.952152
0.253125 3.648612
0.230859 3.578273
0.203438 3.203854
0.195234 3.212869
0.139375 3.444675
0.137344 3.588981
0.136406 3.754373
0.107734 3.814090
0.095312 3.159036
