0.942656 0.193992
0.936172 0.206758
0.940469 0.198994
0.943672 0.193042
0.933750 0.225130
0.931484 0.236897
0.936406 0.218802
0.940469 0.199230
0.942422 0.195194
0.940781 0.202558
0.940156 0.203365
0.941953 0.195983
0.941094 0.195151
0.931719 0.235975
0.943203 0.195456
0.937891 0.208203
0.940859 0.205784
0.942266 0.195157
0.943281 0.191502
0.940469 0.200233
0.940859 0.195897
0.940938 0.200031
0.941953 0.196132
0.940391 0.197783
0.943516 0.193812
0.940156 0.199457
0.939297 0.201893
0.942656 0.195060
0.942187 0.197336
0.941797 0.200059
0.939297 0.206665
0.941641 0.197502
0.941797 0.199289
0.942578 0.193018
0.940469 0.201796
0.942891 0.202939
0.940703 0.199429
0.942031 0.197728
0.941094 0.198292
0.939687 0.216371
0.941797 0.194827
0.940859 0.200604
0.940625 0.197984
0.942031 0.194536
0.941562 0.194517
0.941641 0.199016
0.939766 0.203333
0.941484 0.195883
0.941250 0.201062
0.937813 0.219747