0.953750 0.165529
0.953438 0.166203
0.952734 0.174121
0.950859 0.184017
0.950391 0.183194
0.950000 0.182611
0.949453 0.181898
0.950000 0.180339
0.950312 0.180927
0.950781 0.180081
0.950312 0.179359
0.950391 0.179698
0.948125 0.184212
0.946797 0.187007
0.945234 0.188867
0.944922 0.193147
0.942266 0.197659
0.941562 0.203555
0.936094 0.225882
0.930547 0.266148
0.929375 0.263533
0.929375 0.267612
0.928125 0.270888
0.923984 0.309908
0.918906 0.326876
0.919062 0.325040
0.916484 0.333097
0.912656 0.342967
0.911875 0.341861
0.909375 0.349045
0.906016 0.360943
0.903437 0.361966
0.892344 0.403627
0.889219 0.413521
0.889297 0.409710
0.873125 0.487855
0.865469 0.521645
0.856719 0.560629
0.859219 0.538545
0.862031 0.535705
0.860625 0.534654
0.860547 0.531632
0.851094 0.570580
0.843828 0.587208
0.827031 0.710962
0.805781 0.785639
0.797109 0.870728
0.787344 0.912560
0.770859 1.018745
0.770938 0.983554
0.741094 1.142242
0.734453 1.173680
0.715078 1.253727
0.698828 1.313136
0.701953 1.301147
0.682187 1.443011
0.672656 1.542469
0.678594 1.475589
0.637422 1.699185
0.588281 2.158532
0.577031 2.322989
0.593125 2.164918
0.575625 2.334992
0.561797 2.371778
0.528672 2.646521
0.501562 3.023648
0.514375 2.730110
0.506875 2.660531
0.501797 2.606301
0.495859 2.578656
0.477344 2.807719
0.470937 2.884108
0.459688 2.917503
0.448516 3.161267
0.430156 3.310229
0.396953 3.435717
0.398906 3.420896
0.386641 3.408893
0.396875 3.310170
0.396484 3.136510
0.381875 3.251851
0.365156 3.260474
0.321875 3.618938
0.330859 3.545571
0.303516 3.879575
0.292734 4.143228
0.288906 4.202246
0.289062 4.208952
0.268359 4.433679
0.258438 4.280379
0.256094 3.794920
0.250547 3.782408
0.228359 4.252960
0.219922 3.492920
0.201953 3.364634
0.202500 3.585454
0.182187 3.593525
0.101484 3.243601
0.064375 3.248728
0.074922 2.887401
