0.941562 0.199227
0.940703 0.204321
0.938047 0.212098
0.936172 0.219713
0.933750 0.228646
0.929922 0.244896
0.923516 0.263117
0.916641 0.289803
0.911328 0.305592
0.906328 0.338702
0.898516 0.354275
0.889766 0.400917
0.883281 0.427409
0.870469 0.480780
0.847891 0.559025
0.843750 0.562434
0.829531 0.602271
0.804609 0.676425
0.770312 0.773690
0.728437 0.877717
0.695234 0.997906
0.672031 1.052056
0.663437 1.078667
0.611406 1.242025
0.563828 1.405380
0.525391 1.561034
0.523125 1.567421
0.426797 1.888600
0.392969 2.069887
0.315937 2.176783
0.281875 2.337423
0.284141 2.227005
0.279531 2.221707
0.245859 2.281221
0.228359 2.294583
0.283359 2.331944
0.229531 2.746560
0.206484 2.582427
0.207891 3.090323
0.166797 3.343471
