0.942344 0.193634
0.936797 0.206045
0.939922 0.197461
0.941406 0.193142
0.929766 0.234564
0.927344 0.245100
0.935156 0.228724
0.939766 0.196789
0.942187 0.190976
0.939141 0.205170
0.940078 0.202397
0.940703 0.195328
0.940313 0.193254
0.932813 0.228286
0.941953 0.195064
0.935547 0.212555
0.938516 0.204160
0.941875 0.192138
0.940859 0.193039
0.939219 0.202703
0.940078 0.195704
0.940547 0.197884
0.938984 0.197278
0.940703 0.194685
0.941797 0.194588
0.939453 0.201768
0.938125 0.202068
0.941484 0.192731
0.942578 0.191422
0.936484 0.207601
0.938750 0.207009
0.940000 0.196528
0.939375 0.202464
0.942500 0.192663
0.941797 0.195785
0.940703 0.201242
0.940859 0.196331
0.940156 0.201004
0.940469 0.192541
0.939922 0.217311
0.938125 0.199322
0.936797 0.208385
0.938516 0.198479
0.941641 0.193455
0.939375 0.200415
0.940703 0.196047
0.941484 0.194366
0.941172 0.194128
0.938828 0.202567
0.932734 0.237849