0.943672 0.203508
0.942031 0.204854
0.940469 0.208185
0.938984 0.211445
0.938281 0.212580
0.937109 0.212659
0.937422 0.214214
0.936406 0.221227
0.934687 0.221455
0.934297 0.224492
0.934141 0.230173
0.930469 0.234760
0.929844 0.234969
0.926875 0.245845
0.917969 0.272158
0.915859 0.279898
0.908672 0.296066
0.906719 0.302332
0.892109 0.401144
0.885391 0.415874
0.884219 0.421145
0.879609 0.429884
0.885156 0.401161
0.879922 0.431570
0.874766 0.465795
0.871719 0.494622
0.871172 0.485421
0.873906 0.468642
0.874609 0.465263
0.869453 0.483201
0.860703 0.520673
0.858906 0.524780
0.847578 0.572152
0.844766 0.586134
0.846172 0.602365
0.843125 0.616251
0.830156 0.674811
0.830703 0.660942
0.808203 0.819403
0.801953 0.871370
0.799141 0.865556
0.786016 0.965789
0.784219 0.955827
0.779297 0.993332
0.772812 1.005885
0.763750 1.030975
0.758750 1.041295
0.745625 1.111568
0.737344 1.154414
0.731953 1.172425
0.694062 1.432482
0.682266 1.516000
0.682187 1.474883
0.684687 1.437773
0.677891 1.498111
0.674297 1.490742
0.654375 1.613610
0.651250 1.573358
0.627422 1.687041
0.626250 1.689335
0.617578 1.808935
0.599063 1.958662
0.586250 2.133546
0.575547 2.178878
0.572266 2.210000
0.542422 2.552330
0.522891 2.900837
0.509063 3.135304
0.505859 3.139092
0.516172 3.100619
0.502578 3.252133
0.466797 3.832218
0.441172 4.203206
0.428516 4.610373
0.419297 4.671721
0.412187 4.848371
0.408359 4.764587
0.407187 4.793239
0.399531 4.876801
0.394141 4.950064
0.397422 5.118145
0.384531 5.410250
0.408984 4.996800
0.368203 5.953999
0.409922 4.685615
0.408750 4.555628
0.405781 4.483227
0.397656 4.541086
0.393828 4.535826
0.386953 4.543937
0.376563 4.641171
0.361953 4.784983
0.350781 4.976391
0.316484 5.126448
0.288906 5.697479
0.292266 5.626672
0.279297 5.599652
0.271719 5.620034
0.291797 5.390183
0.292578 5.375682
0.288672 5.315646
0.285781 5.211312
0.299062 5.163158
0.292656 5.087942
0.304141 4.592103
0.311250 4.420700
0.292422 4.454116
0.294766 4.501057
0.281094 4.561388
0.270000 4.725379
0.273984 4.756412
0.277109 4.623898
0.265625 4.610943
0.243828 4.845229
0.221563 5.405347
0.213906 5.114704
0.212656 5.798265
0.210234 5.377414
0.206250 5.224272
0.201172 5.395099
0.199844 5.277932
0.201484 4.571406
0.193359 4.336226
0.162734 3.643101
0.116094 3.607396
0.057422 3.631195
0.040234 3.885697
0.040234 2.909205
