0.938203 0.208223
0.891094 0.351195
0.925078 0.257781
0.940703 0.204321
0.937969 0.210250
0.912031 0.297826
0.930000 0.253860
0.937266 0.212682
0.937813 0.209187
0.932891 0.226167
0.936797 0.210458
0.936953 0.209239
0.937500 0.209300
0.937187 0.209887
0.938906 0.210109
0.929297 0.234006
0.934922 0.224939
0.939062 0.204580
0.940000 0.205061
0.935703 0.217120
0.934687 0.227495
0.935547 0.220873
0.932344 0.220702
0.937109 0.212742
0.938594 0.209487
0.934687 0.220324
0.939141 0.205866
0.940469 0.204580
0.934297 0.217578
0.938828 0.207976
0.937656 0.209145
0.935469 0.214333
0.936406 0.212014
0.935156 0.210265
0.940156 0.205324
0.939297 0.205980
0.937266 0.215169
0.921797 0.266387
0.939375 0.205059
0.938203 0.206456