0.951172 0.165558
0.952344 0.171076
0.951094 0.178631
0.949844 0.180317
0.949219 0.179809
0.947812 0.182254
0.946250 0.185821
0.943828 0.197273
0.940391 0.207232
0.939375 0.207319
0.936484 0.211602
0.934141 0.222390
0.931016 0.236062
0.929688 0.242317
0.926250 0.260266
0.922188 0.271200
0.916094 0.298087
0.904688 0.334902
0.899609 0.360405
0.894453 0.376670
0.891563 0.385463
0.899375 0.350205
0.889922 0.376926
0.877266 0.433707
0.867656 0.462595
0.879297 0.442758
0.870313 0.470626
0.865469 0.501212
0.851250 0.555856
0.835859 0.608132
0.804219 0.717211
0.773828 0.813805
0.747422 0.884539
0.730000 0.941351
0.726953 0.951909
0.683906 1.057034
0.668672 1.099204
0.643047 1.315935
0.621484 1.403450
0.587656 1.618813
0.591094 1.518238
0.576016 1.517489
0.548281 1.821093
0.515469 1.992394
0.483984 2.576140
0.460859 2.668807
0.496953 2.368944
0.430937 2.659373
0.425312 2.664956
0.428203 2.272055
0.433984 2.420904
0.419844 2.299129
0.406250 2.339978
0.374844 2.605453
0.361250 2.730399
0.341563 2.701676
0.319063 2.742583
0.311328 2.954025
0.285391 3.532150
0.276797 4.747087
0.232109 4.763533
0.240234 4.302044
0.226797 4.004367
0.171719 3.761614
0.186953 3.120966
0.116719 2.987647
0.132188 3.224401
0.115547 3.164638
0.117266 3.239448
0.107344 3.627492
