0.942031 0.204854
0.941641 0.206433
0.940781 0.205740
0.942187 0.205164
0.942031 0.203747
0.943672 0.203778
0.941172 0.211065
0.942969 0.204131
0.942500 0.206374
0.941953 0.205106
0.940547 0.206478
0.943203 0.202644
0.941406 0.209253
0.940469 0.211320
0.943828 0.204375
0.941016 0.206237
0.942031 0.206526
0.939609 0.230316
0.941953 0.205353
0.942344 0.205065
0.943125 0.202598
0.941484 0.205411
0.941719 0.213519
0.941406 0.220149
0.942500 0.206920
0.941641 0.204636
0.941875 0.204799
0.943828 0.203841
0.937344 0.217865
0.942109 0.207698
0.941484 0.206645
0.942187 0.206510
0.944062 0.202821
0.939766 0.214585
0.942422 0.204967
0.941406 0.208697
0.942187 0.205175
0.940703 0.221944
0.938672 0.215408
0.942656 0.204897
0.941797 0.207662
0.941172 0.207419
0.943516 0.204471
0.943438 0.202980
0.942500 0.203021
0.943672 0.203071
0.941484 0.204472
0.941797 0.205689
0.942734 0.204125
0.939531 0.218932
0.941953 0.205296
0.941250 0.206426
0.942969 0.203776
0.942031 0.204159
0.942813 0.204970
0.939453 0.219848
0.942578 0.207766
0.942734 0.204004
0.942109 0.204117
0.942187 0.209772
0.941328 0.209650
0.942891 0.207149
0.941406 0.209390
0.943203 0.201852
0.939687 0.210303
0.942109 0.210345
0.941797 0.213617
0.942500 0.205323
0.941328 0.208141
0.941641 0.211282
0.940391 0.210350
0.942500 0.208469
0.941797 0.211522
0.941797 0.205716
0.940703 0.210552
0.942734 0.204017
0.942422 0.204456
0.942969 0.207928
0.942578 0.204184
0.942187 0.207383
0.942266 0.203951
0.936797 0.234088
0.940547 0.211510
0.933672 0.243206
0.942109 0.209604
0.939141 0.210027
0.939453 0.222376
0.943203 0.202783
0.942422 0.205020
0.943281 0.204919
0.941484 0.204672
0.942813 0.203182
0.942422 0.205264
0.941953 0.207603
0.942266 0.204720
0.943359 0.201857
0.942734 0.203627
0.942187 0.207510
0.943750 0.203487
0.944531 0.201889
0.941953 0.207423
0.942656 0.209092
0.942344 0.203908
0.940078 0.212436
0.940938 0.205126
0.943203 0.204109
0.941484 0.205377
0.940000 0.224035
0.943125 0.202903
0.943125 0.205141
0.941562 0.204692
0.942422 0.204326
0.941797 0.212914
0.941250 0.203926
0.940078 0.208946
0.939844 0.217019
0.942813 0.205442
0.942422 0.201689
0.943125 0.204323
0.941641 0.204385
0.940391 0.208749
0.943359 0.204813
0.938203 0.226617
0.942500 0.205359
0.941719 0.208986
0.942422 0.206716
0.939687 0.222029
0.942500 0.204093
