0.939141 0.204532
0.937187 0.210112
0.934844 0.218949
0.929219 0.235019
0.924297 0.252956
0.919141 0.277321
0.913047 0.303057
0.906953 0.330931
0.897734 0.370777
0.877422 0.427929
0.861641 0.492688
0.813828 0.611315
0.786172 0.705675
0.756250 0.800231
0.740937 0.873443
0.696875 1.011992
0.617891 1.209564
0.579063 1.408349
0.531563 1.544981
0.540469 1.530841
0.441406 1.861244
0.402187 2.421587
0.328750 2.687113
0.284375 3.365949
0.272266 4.230515
0.252891 3.761008
0.211719 3.953586
0.203672 4.343118
0.216250 4.081255
0.171562 3.208388
