0.950859 0.166386
0.932109 0.255894
0.898672 0.384143
0.871094 0.631707
0.864297 0.695038
0.815234 1.099772
0.808438 1.118537
0.796172 1.355234
0.677266 2.579466
0.618906 3.600678
0.560469 4.750836
0.502813 6.320880
0.472266 7.090222
0.459453 7.508318
0.446562 7.780324
0.417969 8.445857
0.410625 8.551685
0.398672 8.891494
0.424844 7.417404
0.403125 7.588143
0.389453 7.914956
0.364062 9.932599
0.346797 10.869091
0.332266 11.598246
0.325078 12.070687
0.293750 13.740109
0.293203 13.196630
0.310391 12.083695
0.302656 11.693513
0.255703 11.710675
0.297500 9.864105
0.288437 10.667490
0.276484 11.046155
0.262969 11.299365
0.242031 11.580655
0.227734 11.828667
0.238750 11.599933
0.235234 12.645537
0.268594 10.147597
0.268672 10.044916
0.283359 9.318506
0.293672 8.653985
0.300078 8.342491
0.302812 8.302921
0.281016 7.905387
0.297734 7.433430
0.292266 7.485205
0.242812 7.706666
0.259062 6.828642
0.267344 6.099584
0.273672 5.926567
0.260703 5.586675
0.289922 5.241032
0.289688 4.616084
0.231641 4.790216
0.271406 3.486461
0.223438 3.266612
0.185234 3.060942
0.092031 2.795727
0.061016 2.866488
