0.942969 0.197456
0.882578 0.391790
0.795859 0.785053
0.590625 2.021766
0.488438 2.982890
0.453359 3.311240
0.373047 4.810320
0.364609 5.169909
0.382578 4.647441
0.314453 5.970479
0.360312 4.631593
0.411797 3.886401
0.462422 2.876779
0.428672 3.037732
0.386797 3.269156
0.363047 3.555468
0.377344 3.402778
0.407734 3.015373
0.417188 2.763475
0.420859 2.895293
0.355625 3.334359
0.352969 3.250626
0.318906 3.423052
0.298438 3.658235
0.265391 3.372546
0.250313 3.364578
0.226094 4.149140
0.239219 3.696113
0.228125 3.824494
0.217812 3.856241
0.224531 3.575819
0.183047 3.706102
0.181719 3.734298
0.171562 3.741636
0.200547 3.297420
0.202969 3.047865
0.170469 3.109217
0.137187 2.848990
0.114453 2.887470
0.042344 3.150640
