0.931719 0.226553
0.915391 0.282631
0.924688 0.265269
0.936562 0.217373
0.932891 0.220123
0.931016 0.233526
0.860859 0.511753
0.910547 0.287097
0.935469 0.214768
0.930859 0.235659
0.928516 0.242601
0.933359 0.220231
0.922656 0.246011
0.930859 0.228221
0.936953 0.212885
0.906094 0.321571
0.928906 0.254996
0.936250 0.216409
0.937187 0.210112
0.936562 0.214612
0.894141 0.350975
0.933047 0.224934
0.935781 0.213355
0.934687 0.214996
0.926406 0.250722
0.931250 0.231514
0.933672 0.217992
0.935391 0.216138
0.926484 0.248730
0.932891 0.222336