0.938984 0.208286
0.934844 0.219097
0.938594 0.207997
0.939141 0.207302
0.930078 0.232195
0.926953 0.244611
0.930859 0.237223
0.938516 0.207936
0.940234 0.205736
0.937266 0.212638
0.936328 0.212871
0.938047 0.206651
0.937656 0.207877
0.930859 0.236180
0.938984 0.206595
0.933906 0.220314
0.937734 0.214176
0.937422 0.208103
0.938047 0.205976
0.935781 0.213136
0.938828 0.208407
0.938438 0.207685
0.938281 0.207867
0.935938 0.211410
0.938516 0.206840
0.935859 0.214872
0.936094 0.215100
0.939062 0.210774
0.940469 0.204351
0.937266 0.213643
0.936250 0.219855
0.939062 0.209874
0.937344 0.209314
0.938594 0.205685
0.938047 0.208114
0.936562 0.211227
0.937578 0.210495
0.938438 0.209355
0.938594 0.209225
0.933906 0.222872
0.936641 0.208107
0.934141 0.222034
0.938125 0.207942
0.938672 0.206887
0.936719 0.210040
0.936406 0.214076
0.938203 0.206140
0.939687 0.205495
0.938594 0.211695
0.931094 0.235431